  -9.9600000e-04   3.2000000e-01   4.0000000e-04   8.0000000e-02   1.2031250e-01
  -9.9200000e-04   2.8000000e-01  -4.0000000e-04   8.0000000e-02   1.2031250e-01
  -9.8800000e-04   2.4000000e-01   4.0000000e-04   8.0000000e-02   8.0312500e-02
  -9.8400000e-04   3.2000000e-01   4.0000000e-04   8.0000000e-02   8.0312500e-02
  -9.8000000e-04   3.2000000e-01   0.0000000e+00   4.0000000e-02   1.2031250e-01
  -9.7600000e-04   3.2000000e-01   4.0000000e-04   0.0000000e+00   1.2031250e-01
  -9.7200000e-04   2.8000000e-01   0.0000000e+00   8.0000000e-02   8.0312500e-02
  -9.6800000e-04   2.8000000e-01  -4.0000000e-04   8.0000000e-02   1.2031250e-01
  -9.6400000e-04   2.8000000e-01   4.0000000e-04   4.0000000e-02   4.0312500e-02
  -9.6000000e-04   2.8000000e-01   8.0000000e-04   1.2000000e-01   8.0312500e-02
  -9.5600000e-04   2.8000000e-01   8.0000000e-04   8.0000000e-02   1.2031250e-01
  -9.5200000e-04   2.8000000e-01   4.0000000e-04   8.0000000e-02   1.2031250e-01
  -9.4800000e-04   2.8000000e-01   1.2000000e-03   8.0000000e-02   1.2031250e-01
  -9.4400000e-04   3.2000000e-01   8.0000000e-04   8.0000000e-02   8.0312500e-02
  -9.4000000e-04   2.4000000e-01   8.0000000e-04   8.0000000e-02   8.0312500e-02
  -9.3600000e-04   2.8000000e-01   8.0000000e-04   4.0000000e-02   1.2031250e-01
  -9.3200000e-04   2.4000000e-01   4.0000000e-04   4.0000000e-02   1.2031250e-01
  -9.2800000e-04   2.4000000e-01   4.0000000e-04   0.0000000e+00   8.0312500e-02
  -9.2400000e-04   2.4000000e-01   4.0000000e-04   8.0000000e-02   4.0312500e-02
  -9.2000000e-04   2.8000000e-01   8.0000000e-04   8.0000000e-02   8.0312500e-02
  -9.1600000e-04   2.8000000e-01   8.0000000e-04   8.0000000e-02   4.0312500e-02
  -9.1200000e-04   2.8000000e-01   8.0000000e-04   8.0000000e-02   8.0312500e-02
  -9.0800000e-04   3.2000000e-01   4.0000000e-04   8.0000000e-02   8.0312500e-02
  -9.0400000e-04   2.4000000e-01   8.0000000e-04   0.0000000e+00   8.0312500e-02
  -9.0000000e-04   2.8000000e-01   0.0000000e+00   0.0000000e+00   1.2031250e-01
  -8.9600000e-04   2.8000000e-01   4.0000000e-04   8.0000000e-02   8.0312500e-02
  -8.9200000e-04   3.2000000e-01   4.0000000e-04   0.0000000e+00   8.0312500e-02
  -8.8800000e-04   2.8000000e-01   8.0000000e-04   4.0000000e-02   1.2031250e-01
  -8.8400000e-04   2.4000000e-01   4.0000000e-04   4.0000000e-02   8.0312500e-02
  -8.8000000e-04   3.2000000e-01   1.2000000e-03   4.0000000e-02   8.0312500e-02
  -8.7600000e-04   2.8000000e-01   8.0000000e-04   4.0000000e-02   8.0312500e-02
  -8.7200000e-04   2.8000000e-01   1.6000000e-03   8.0000000e-02   1.2031250e-01
  -8.6800000e-04   3.2000000e-01   1.2000000e-03   4.0000000e-02   8.0312500e-02
  -8.6400000e-04   2.8000000e-01   4.0000000e-04   8.0000000e-02   1.2031250e-01
  -8.6000000e-04   2.8000000e-01   4.0000000e-04   4.0000000e-02   1.2031250e-01
  -8.5600000e-04   2.8000000e-01   1.6000000e-03   4.0000000e-02   8.0312500e-02
  -8.5200000e-04   2.8000000e-01   8.0000000e-04   0.0000000e+00   8.0312500e-02
  -8.4800000e-04   2.8000000e-01   1.2000000e-03   8.0000000e-02   1.2031250e-01
  -8.4400000e-04   2.8000000e-01   1.2000000e-03   4.0000000e-02   8.0312500e-02
  -8.4000000e-04   2.8000000e-01   8.0000000e-04   4.0000000e-02   4.0312500e-02
  -8.3600000e-04   2.8000000e-01   1.6000000e-03   4.0000000e-02   8.0312500e-02
  -8.3200000e-04   2.8000000e-01   4.0000000e-04   4.0000000e-02   1.2031250e-01
  -8.2800000e-04   3.2000000e-01   8.0000000e-04   8.0000000e-02   8.0312500e-02
  -8.2400000e-04   2.8000000e-01   1.6000000e-03   4.0000000e-02   1.2031250e-01
  -8.2000000e-04   2.8000000e-01   8.0000000e-04   4.0000000e-02   1.2031250e-01
  -8.1600000e-04   2.8000000e-01   4.0000000e-04   4.0000000e-02   8.0312500e-02
  -8.1200000e-04   3.2000000e-01   8.0000000e-04   8.0000000e-02   4.0312500e-02
  -8.0800000e-04   2.8000000e-01   8.0000000e-04   4.0000000e-02   1.2031250e-01
  -8.0400000e-04   2.8000000e-01   1.6000000e-03   8.0000000e-02   1.2031250e-01
  -8.0000000e-04   3.2000000e-01   4.0000000e-04   0.0000000e+00   1.2031250e-01
  -7.9600000e-04   3.2000000e-01   8.0000000e-04  -4.0000000e-02   8.0312500e-02
  -7.9200000e-04   2.8000000e-01   8.0000000e-04   0.0000000e+00   8.0312500e-02
  -7.8800000e-04   3.2000000e-01   1.6000000e-03   4.0000000e-02   1.2031250e-01
  -7.8400000e-04   3.2000000e-01   4.0000000e-04   4.0000000e-02   8.0312500e-02
  -7.8000000e-04   3.2000000e-01   1.2000000e-03   8.0000000e-02   8.0312500e-02
  -7.7600000e-04   3.2000000e-01   8.0000000e-04   1.2000000e-01   1.2031250e-01
  -7.7200000e-04   2.8000000e-01   8.0000000e-04   4.0000000e-02   8.0312500e-02
  -7.6800000e-04   2.8000000e-01   1.6000000e-03   8.0000000e-02   8.0312500e-02
  -7.6400000e-04   3.2000000e-01   8.0000000e-04   1.2000000e-01   1.2031250e-01
  -7.6000000e-04   2.8000000e-01   8.0000000e-04   4.0000000e-02   8.0312500e-02
  -7.5600000e-04   3.2000000e-01   1.2000000e-03   4.0000000e-02   4.0312500e-02
  -7.5200000e-04   2.8000000e-01   1.2000000e-03   8.0000000e-02   8.0312500e-02
  -7.4800000e-04   3.2000000e-01   1.6000000e-03   1.2000000e-01   8.0312500e-02
  -7.4400000e-04   3.2000000e-01   1.6000000e-03   8.0000000e-02   8.0312500e-02
  -7.4000000e-04   3.2000000e-01   8.0000000e-04   8.0000000e-02   8.0312500e-02
  -7.3600000e-04   2.8000000e-01   2.0000000e-03   4.0000000e-02   8.0312500e-02
  -7.3200000e-04   2.8000000e-01   1.2000000e-03   4.0000000e-02   8.0312500e-02
  -7.2800000e-04   3.2000000e-01   2.0000000e-03   8.0000000e-02   1.2031250e-01
  -7.2400000e-04   2.8000000e-01   1.2000000e-03   4.0000000e-02   1.2031250e-01
  -7.2000000e-04   3.2000000e-01   8.0000000e-04   4.0000000e-02   8.0312500e-02
  -7.1600000e-04   2.8000000e-01   1.2000000e-03   4.0000000e-02   8.0312500e-02
  -7.1200000e-04   2.8000000e-01   8.0000000e-04   4.0000000e-02   8.0312500e-02
  -7.0800000e-04   2.8000000e-01   2.0000000e-03  -4.0000000e-02   1.2031250e-01
  -7.0400000e-04   2.8000000e-01   2.0000000e-03   4.0000000e-02   1.2031250e-01
  -7.0000000e-04   3.2000000e-01   1.6000000e-03   8.0000000e-02   4.0312500e-02
  -6.9600000e-04   2.8000000e-01   8.0000000e-04   4.0000000e-02   4.0312500e-02
  -6.9200000e-04   3.2000000e-01   1.2000000e-03   4.0000000e-02   8.0312500e-02
  -6.8800000e-04   3.2000000e-01   1.2000000e-03   0.0000000e+00   1.2031250e-01
  -6.8400000e-04   2.8000000e-01   4.0000000e-04   8.0000000e-02   1.2031250e-01
  -6.8000000e-04   3.2000000e-01   8.0000000e-04   8.0000000e-02   1.2031250e-01
  -6.7600000e-04   2.8000000e-01   1.6000000e-03   4.0000000e-02   8.0312500e-02
  -6.7200000e-04   2.8000000e-01   1.2000000e-03   2.0000000e-01   8.0312500e-02
  -6.6800000e-04   3.2000000e-01   1.2000000e-03   8.0000000e-02   4.0312500e-02
  -6.6400000e-04   2.8000000e-01   1.6000000e-03   0.0000000e+00   1.2031250e-01
  -6.6000000e-04   2.8000000e-01   1.2000000e-03   0.0000000e+00   1.2031250e-01
  -6.5600000e-04   3.2000000e-01   1.2000000e-03   4.0000000e-02   1.2031250e-01
  -6.5200000e-04   3.2000000e-01   1.2000000e-03   8.0000000e-02   1.2031250e-01
  -6.4800000e-04   3.2000000e-01   1.2000000e-03   4.0000000e-02   8.0312500e-02
  -6.4400000e-04   3.2000000e-01   1.6000000e-03   8.0000000e-02   1.2031250e-01
  -6.4000000e-04   3.2000000e-01   1.2000000e-03   8.0000000e-02   1.2031250e-01
  -6.3600000e-04   3.2000000e-01   1.6000000e-03   0.0000000e+00   1.2031250e-01
  -6.3200000e-04   3.2000000e-01   8.0000000e-04   8.0000000e-02   8.0312500e-02
  -6.2800000e-04   2.8000000e-01   1.6000000e-03   4.0000000e-02   1.2031250e-01
  -6.2400000e-04   2.8000000e-01   1.2000000e-03   4.0000000e-02   8.0312500e-02
  -6.2000000e-04   3.2000000e-01   1.6000000e-03   4.0000000e-02   8.0312500e-02
  -6.1600000e-04   3.6000000e-01   8.0000000e-04   0.0000000e+00   1.2031250e-01
  -6.1200000e-04   2.8000000e-01   1.2000000e-03   4.0000000e-02   8.0312500e-02
  -6.0800000e-04   2.8000000e-01   2.4000000e-03   4.0000000e-02   1.2031250e-01
  -6.0400000e-04   2.8000000e-01   1.2000000e-03   4.0000000e-02   1.6031250e-01
  -6.0000000e-04   2.8000000e-01   1.2000000e-03   4.0000000e-02   1.2031250e-01
  -5.9600000e-04   3.2000000e-01   1.6000000e-03   4.0000000e-02   1.2031250e-01
  -5.9200000e-04   3.2000000e-01   2.0000000e-03   4.0000000e-02   1.2031250e-01
  -5.8800000e-04   2.8000000e-01   2.0000000e-03   4.0000000e-02   1.2031250e-01
  -5.8400000e-04   3.2000000e-01   1.6000000e-03   0.0000000e+00   1.2031250e-01
  -5.8000000e-04   2.8000000e-01   1.6000000e-03   8.0000000e-02   1.2031250e-01
  -5.7600000e-04   2.8000000e-01   1.6000000e-03   8.0000000e-02   1.2031250e-01
  -5.7200000e-04   3.2000000e-01   1.2000000e-03   1.6000000e-01   1.2031250e-01
  -5.6800000e-04   3.2000000e-01   2.0000000e-03   4.0000000e-02   1.2031250e-01
  -5.6400000e-04   3.6000000e-01   1.6000000e-03   4.0000000e-02   1.6031250e-01
  -5.6000000e-04   3.2000000e-01   1.2000000e-03   4.0000000e-02   8.0312500e-02
  -5.5600000e-04   3.2000000e-01   2.0000000e-03   8.0000000e-02   1.2031250e-01
  -5.5200000e-04   3.2000000e-01   8.0000000e-04   4.0000000e-02   8.0312500e-02
  -5.4800000e-04   2.8000000e-01   1.2000000e-03   4.0000000e-02   1.2031250e-01
  -5.4400000e-04   2.8000000e-01   8.0000000e-04   4.0000000e-02   1.2031250e-01
  -5.4000000e-04   3.2000000e-01   2.0000000e-03   0.0000000e+00   1.2031250e-01
  -5.3600000e-04   3.2000000e-01   1.6000000e-03   4.0000000e-02   1.2031250e-01
  -5.3200000e-04   2.8000000e-01   8.0000000e-04   4.0000000e-02   8.0312500e-02
  -5.2800000e-04   3.2000000e-01   2.0000000e-03   8.0000000e-02   1.2031250e-01
  -5.2400000e-04   3.6000000e-01   2.0000000e-03   8.0000000e-02   8.0312500e-02
  -5.2000000e-04   3.2000000e-01   1.6000000e-03   4.0000000e-02   1.2031250e-01
  -5.1600000e-04   3.2000000e-01   2.0000000e-03   4.0000000e-02   1.2031250e-01
  -5.1200000e-04   3.2000000e-01   1.6000000e-03   1.2000000e-01   1.2031250e-01
  -5.0800000e-04   3.2000000e-01   1.6000000e-03   4.0000000e-02   1.2031250e-01
  -5.0400000e-04   2.8000000e-01   2.0000000e-03   8.0000000e-02   1.2031250e-01
  -5.0000000e-04   2.8000000e-01   1.2000000e-03   4.0000000e-02   1.2031250e-01
  -4.9600000e-04   3.2000000e-01   1.6000000e-03   8.0000000e-02   8.0312500e-02
  -4.9200000e-04   2.8000000e-01   1.6000000e-03   4.0000000e-02   1.2031250e-01
  -4.8800000e-04   3.2000000e-01   1.2000000e-03   0.0000000e+00   8.0312500e-02
  -4.8400000e-04   3.2000000e-01   1.6000000e-03   4.0000000e-02   1.2031250e-01
  -4.8000000e-04   3.2000000e-01   2.0000000e-03   4.0000000e-02   1.2031250e-01
  -4.7600000e-04   3.2000000e-01   1.6000000e-03   4.0000000e-02   1.2031250e-01
  -4.7200000e-04   3.2000000e-01   8.0000000e-04   4.0000000e-02   1.2031250e-01
  -4.6800000e-04   3.2000000e-01   1.6000000e-03   4.0000000e-02   8.0312500e-02
  -4.6400000e-04   3.2000000e-01   2.0000000e-03   4.0000000e-02   1.2031250e-01
  -4.6000000e-04   3.2000000e-01   8.0000000e-04   4.0000000e-02   1.6031250e-01
  -4.5600000e-04   2.8000000e-01   1.2000000e-03   4.0000000e-02   1.2031250e-01
  -4.5200000e-04   3.2000000e-01   1.6000000e-03   4.0000000e-02   1.2031250e-01
  -4.4800000e-04   3.2000000e-01   1.6000000e-03   1.2000000e-01   1.6031250e-01
  -4.4400000e-04   3.2000000e-01   1.6000000e-03   8.0000000e-02   1.2031250e-01
  -4.4000000e-04   3.2000000e-01   1.6000000e-03  -8.0000000e-02   1.2031250e-01
  -4.3600000e-04   3.2000000e-01   2.0000000e-03   0.0000000e+00   1.6031250e-01
  -4.3200000e-04   3.2000000e-01   2.0000000e-03   4.0000000e-02   1.2031250e-01
  -4.2800000e-04   2.8000000e-01   1.6000000e-03   4.0000000e-02   1.2031250e-01
  -4.2400000e-04   3.2000000e-01   2.4000000e-03   4.0000000e-02   1.2031250e-01
  -4.2000000e-04   3.2000000e-01   1.6000000e-03   8.0000000e-02   2.0031250e-01
  -4.1600000e-04   2.8000000e-01   1.6000000e-03   4.0000000e-02   1.6031250e-01
  -4.1200000e-04   3.2000000e-01   1.6000000e-03   4.0000000e-02   1.6031250e-01
  -4.0800000e-04   2.8000000e-01   1.6000000e-03   4.0000000e-02   1.2031250e-01
  -4.0400000e-04   2.8000000e-01   1.6000000e-03   0.0000000e+00   1.6031250e-01
  -4.0000000e-04   2.8000000e-01   1.2000000e-03   4.0000000e-02   8.0312500e-02
  -3.9600000e-04   2.8000000e-01   1.6000000e-03   4.0000000e-02   1.2031250e-01
  -3.9200000e-04   3.2000000e-01   2.8000000e-03   4.0000000e-02   1.6031250e-01
  -3.8800000e-04   2.8000000e-01   2.4000000e-03   4.0000000e-02   1.2031250e-01
  -3.8400000e-04   3.2000000e-01   2.8000000e-03   4.0000000e-02   1.2031250e-01
  -3.8000000e-04   3.6000000e-01   1.6000000e-03   8.0000000e-02   1.6031250e-01
  -3.7600000e-04   3.2000000e-01   1.2000000e-03   0.0000000e+00   1.2031250e-01
  -3.7200000e-04   3.2000000e-01   2.4000000e-03   8.0000000e-02   1.2031250e-01
  -3.6800000e-04   2.8000000e-01   1.6000000e-03   4.0000000e-02   1.2031250e-01
  -3.6400000e-04   3.2000000e-01   1.6000000e-03   4.0000000e-02   1.2031250e-01
  -3.6000000e-04   3.6000000e-01   1.6000000e-03   8.0000000e-02   1.2031250e-01
  -3.5600000e-04   3.6000000e-01   2.0000000e-03   8.0000000e-02   1.6031250e-01
  -3.5200000e-04   3.2000000e-01   1.2000000e-02   8.0000000e-02   1.2031250e-01
  -3.4800000e-04   3.2000000e-01   2.1200000e-02   4.0000000e-02   1.6031250e-01
  -3.4400000e-04   3.2000000e-01   2.9200000e-02   8.0000000e-02   1.2031250e-01
  -3.4000000e-04   3.2000000e-01   3.4800000e-02   4.0000000e-02   1.6031250e-01
  -3.3600000e-04   3.6000000e-01   4.0400000e-02   8.0000000e-02   1.6031250e-01
  -3.3200000e-04   2.8000000e-01   4.4000000e-02   8.0000000e-02   8.0312500e-02
  -3.2800000e-04   3.2000000e-01   4.6800000e-02   8.0000000e-02   1.2031250e-01
  -3.2400000e-04   3.6000000e-01   4.9200000e-02   4.0000000e-02   1.2031250e-01
  -3.2000000e-04   2.8000000e-01   5.0800000e-02   4.0000000e-02   8.0312500e-02
  -3.1600000e-04   3.6000000e-01   5.2000000e-02   4.0000000e-02   1.2031250e-01
  -3.1200000e-04   3.2000000e-01   5.2800000e-02   4.0000000e-02   1.6031250e-01
  -3.0800000e-04   3.2000000e-01   5.3200000e-02   8.0000000e-02   1.2031250e-01
  -3.0400000e-04   3.2000000e-01   5.3600000e-02  -2.0000000e-01   1.2031250e-01
  -3.0000000e-04   3.2000000e-01   5.3200000e-02   4.0000000e-02   8.0312500e-02
  -2.9600000e-04   2.8000000e-01   5.3200000e-02   4.0000000e-02   1.2031250e-01
  -2.9200000e-04   3.2000000e-01   5.2800000e-02   8.0000000e-02   1.2031250e-01
  -2.8800000e-04   2.8000000e-01   5.2000000e-02   4.0000000e-02   1.2031250e-01
  -2.8400000e-04   3.2000000e-01   5.1600000e-02   4.0000000e-02   1.6031250e-01
  -2.8000000e-04   2.8000000e-01   5.0800000e-02   8.0000000e-02   2.0031250e-01
  -2.7600000e-04   3.2000000e-01   5.0000000e-02   8.0000000e-02   1.2031250e-01
  -2.7200000e-04   3.2000000e-01   4.9600000e-02   4.0000000e-02   1.2031250e-01
  -2.6800000e-04   3.2000000e-01   4.8000000e-02   4.0000000e-02   1.2031250e-01
  -2.6400000e-04   3.2000000e-01   4.8000000e-02   8.0000000e-02   1.2031250e-01
  -2.6000000e-04   3.2000000e-01   4.6800000e-02   8.0000000e-02   1.2031250e-01
  -2.5600000e-04   3.2000000e-01   4.5600000e-02   8.0000000e-02   1.2031250e-01
  -2.5200000e-04   3.2000000e-01   4.6000000e-02   4.0000000e-02   1.2031250e-01
  -2.4800000e-04   3.2000000e-01   4.4400000e-02  -1.2000000e-01   1.2031250e-01
  -2.4400000e-04   3.2000000e-01   4.2800000e-02   0.0000000e+00   1.6031250e-01
  -2.4000000e-04   2.8000000e-01   4.2400000e-02   1.2000000e-01   1.2031250e-01
  -2.3600000e-04   3.6000000e-01   4.1200000e-02   4.9200000e+00   1.2031250e-01
  -2.3200000e-04   3.2000000e-01   4.0800000e-02   5.0000000e+00   1.2031250e-01
  -2.2800000e-04   2.8000000e-01   3.9200000e-02   5.0000000e+00   1.6031250e-01
  -2.2400000e-04   3.6000000e-01   3.8400000e-02   5.0000000e+00   1.2031250e-01
  -2.2000000e-04   3.2000000e-01   3.7600000e-02   5.0000000e+00   1.2031250e-01
  -2.1600000e-04   3.2000000e-01   3.6400000e-02   5.0400000e+00   1.2031250e-01
  -2.1200000e-04   3.2000000e-01   3.5600000e-02   5.0400000e+00   1.6031250e-01
  -2.0800000e-04   3.2000000e-01   3.5200000e-02   5.0000000e+00   1.2031250e-01
  -2.0400000e-04   3.6000000e-01   3.4400000e-02   5.0000000e+00   1.6031250e-01
  -2.0000000e-04   3.6000000e-01   3.2800000e-02   5.0000000e+00   1.2031250e-01
  -1.9600000e-04   3.2000000e-01   3.1600000e-02   5.0400000e+00   1.2031250e-01
  -1.9200000e-04   3.2000000e-01   3.1600000e-02   5.0400000e+00  -3.9968750e-01
  -1.8800000e-04   3.2000000e-01   3.0400000e-02   5.2000000e+00   1.2031250e-01
  -1.8400000e-04   3.2000000e-01   3.0000000e-02   4.9600000e+00   8.0312500e-02
  -1.8000000e-04   3.6000000e-01   2.8800000e-02   5.0000000e+00   1.2031250e-01
  -1.7600000e-04   3.2000000e-01   2.8400000e-02   5.0000000e+00   1.2031250e-01
  -1.7200000e-04   3.6000000e-01   2.7200000e-02   5.0000000e+00   1.6031250e-01
  -1.6800000e-04   3.6000000e-01   2.5600000e-02   5.0000000e+00   1.6031250e-01
  -1.6400000e-04   3.6000000e-01   2.5200000e-02   4.9600000e+00   1.2031250e-01
  -1.6000000e-04   3.2000000e-01   2.4000000e-02   5.0000000e+00   1.2031250e-01
  -1.5600000e-04   3.2000000e-01   2.3200000e-02   4.9600000e+00   1.6031250e-01
  -1.5200000e-04   3.2000000e-01   2.3200000e-02   5.0000000e+00   1.2031250e-01
  -1.4800000e-04   3.2000000e-01   2.2000000e-02   5.0400000e+00   1.6031250e-01
  -1.4400000e-04   3.2000000e-01   2.1600000e-02   5.0000000e+00   1.2031250e-01
  -1.4000000e-04   3.6000000e-01   2.0800000e-02   5.0400000e+00   1.6031250e-01
  -1.3600000e-04   3.2000000e-01   2.0400000e-02   5.0000000e+00   1.6031250e-01
  -1.3200000e-04   3.2000000e-01   1.9600000e-02   5.0000000e+00   1.2031250e-01
  -1.2800000e-04   3.2000000e-01   1.8800000e-02   5.0000000e+00   1.2031250e-01
  -1.2400000e-04   3.2000000e-01   1.8000000e-02   5.0000000e+00   1.2031250e-01
  -1.2000000e-04   3.2000000e-01   1.7200000e-02   4.9600000e+00   1.2031250e-01
  -1.1600000e-04   3.6000000e-01   1.6800000e-02   5.0000000e+00   1.2031250e-01
  -1.1200000e-04   3.6000000e-01   1.5600000e-02   5.0400000e+00   1.6031250e-01
  -1.0800000e-04   3.2000000e-01   1.5200000e-02   4.9600000e+00   1.2031250e-01
  -1.0400000e-04   3.6000000e-01   1.5600000e-02   5.0000000e+00   1.2031250e-01
  -1.0000000e-04   3.2000000e-01   1.4400000e-02   5.0400000e+00   1.2031250e-01
  -9.6000000e-05   3.6000000e-01   1.3200000e-02   5.0400000e+00   1.6031250e-01
  -9.2000000e-05   3.2000000e-01   1.3600000e-02   5.0000000e+00   1.2031250e-01
  -8.8000000e-05   3.2000000e-01   1.3200000e-02   5.0000000e+00   1.6031250e-01
  -8.4000000e-05   3.2000000e-01   1.2000000e-02   5.0000000e+00   1.2031250e-01
  -8.0000000e-05   3.6000000e-01   1.3600000e-02   5.0400000e+00   1.2031250e-01
  -7.6000000e-05   3.2000000e-01   1.1200000e-02   5.0000000e+00   1.6031250e-01
  -7.2000000e-05   3.2000000e-01   1.0000000e-02   5.0400000e+00   1.2031250e-01
  -6.8000000e-05   3.2000000e-01   1.1200000e-02   5.0400000e+00   1.6031250e-01
  -6.4000000e-05   3.2000000e-01   9.6000000e-03   5.0000000e+00   1.2031250e-01
  -6.0000000e-05   3.6000000e-01   9.6000000e-03   5.0000000e+00   1.2031250e-01
  -5.6000000e-05   3.2000000e-01   9.6000000e-03   5.0000000e+00   2.0031250e-01
  -5.2000000e-05   3.2000000e-01   8.4000000e-03   5.0000000e+00   8.0312500e-02
  -4.8000000e-05   3.2000000e-01   8.8000000e-03   5.0000000e+00   1.6031250e-01
  -4.4000000e-05   2.8000000e-01   8.8000000e-03   4.9600000e+00   1.6031250e-01
  -4.0000000e-05   3.2000000e-01   8.8000000e-03   5.0000000e+00   1.6031250e-01
  -3.6000000e-05   3.2000000e-01   7.2000000e-03   5.0000000e+00   1.2031250e-01
  -3.2000000e-05   3.2000000e-01   8.0000000e-03   5.0000000e+00   1.6031250e-01
  -2.8000000e-05   3.2000000e-01   8.0000000e-03   5.0000000e+00   1.2031250e-01
  -2.4000000e-05   3.2000000e-01   7.2000000e-03   5.0000000e+00   2.0031250e-01
  -2.0000000e-05   3.6000000e-01   6.0000000e-03   5.0400000e+00   1.2031250e-01
  -1.6000000e-05   3.6000000e-01   6.0000000e-03   5.0400000e+00   1.2031250e-01
  -1.2000000e-05   3.2000000e-01   5.6000000e-03   5.0400000e+00   1.6031250e-01
  -8.0000000e-06   3.6000000e-01   6.0000000e-03   5.0000000e+00   1.6031250e-01
  -4.0000000e-06   3.2000000e-01   5.6000000e-03   5.0400000e+00   1.2031250e-01
   0.0000000e+00   3.2000000e-01   5.2000000e-03   4.9600000e+00   1.6031250e-01
   4.0000000e-06   3.6000000e-01   4.8000000e-03   5.0000000e+00   8.0312500e-02
   8.0000000e-06   3.2000000e-01   3.2000000e-03   5.0000000e+00   8.0312500e-02
   1.2000000e-05   2.8000000e-01  -1.2000000e-03   5.0000000e+00   1.6031250e-01
   1.6000000e-05   3.2000000e-01  -4.0000000e-04   5.0000000e+00   8.0312500e-02
   2.0000000e-05   3.2000000e-01  -4.0000000e-04   5.0000000e+00   1.6031250e-01
   2.4000000e-05   3.2000000e-01  -4.0000000e-04   4.9600000e+00   1.6031250e-01
   2.8000000e-05   3.2000000e-01  -2.0000000e-03   5.0000000e+00   1.2031250e-01
   3.2000000e-05   3.2000000e-01  -3.2000000e-03   4.9600000e+00   1.2031250e-01
   3.6000000e-05   3.2000000e-01  -2.8000000e-03   5.0000000e+00   1.6031250e-01
   4.0000000e-05   3.2000000e-01  -2.0000000e-03   5.0000000e+00   1.6031250e-01
   4.4000000e-05   3.6000000e-01  -3.6000000e-03   4.9200000e+00   1.6031250e-01
   4.8000000e-05   3.6000000e-01  -4.0000000e-03   4.9600000e+00   1.2031250e-01
   5.2000000e-05   3.6000000e-01  -4.4000000e-03   4.9200000e+00   1.6031250e-01
   5.6000000e-05   3.6000000e-01  -4.4000000e-03   5.0000000e+00   2.0031250e-01
   6.0000000e-05   3.2000000e-01  -4.0000000e-03   5.0000000e+00   1.6031250e-01
   6.4000000e-05   3.6000000e-01  -4.4000000e-03   5.0000000e+00   1.6031250e-01
   6.8000000e-05   3.6000000e-01  -5.2000000e-03   5.0000000e+00   1.6031250e-01
   7.2000000e-05   3.2000000e-01  -5.6000000e-03   5.0000000e+00   1.6031250e-01
   7.6000000e-05   3.6000000e-01  -6.4000000e-03   5.0000000e+00   2.0031250e-01
   8.0000000e-05   3.2000000e-01  -5.6000000e-03   5.0000000e+00   1.6031250e-01
   8.4000000e-05   3.6000000e-01  -6.8000000e-03   5.0400000e+00   1.6031250e-01
   8.8000000e-05   3.6000000e-01  -6.4000000e-03   5.0000000e+00   1.6031250e-01
   9.2000000e-05   3.6000000e-01  -7.2000000e-03   4.9600000e+00   1.6031250e-01
   9.6000000e-05   3.6000000e-01  -6.8000000e-03   5.0000000e+00   2.0031250e-01
   1.0000000e-04   3.6000000e-01  -6.4000000e-03   5.0000000e+00   1.2031250e-01
   1.0400000e-04   3.6000000e-01  -7.2000000e-03   5.0000000e+00   1.6031250e-01
   1.0800000e-04   3.6000000e-01  -7.6000000e-03   4.9600000e+00   1.2031250e-01
   1.1200000e-04   3.6000000e-01  -8.0000000e-03   5.0000000e+00   1.2031250e-01
   1.1600000e-04   3.6000000e-01  -8.8000000e-03   5.0400000e+00   1.2031250e-01
   1.2000000e-04   3.6000000e-01  -8.0000000e-03   5.0400000e+00   1.2031250e-01
   1.2400000e-04   3.6000000e-01  -8.4000000e-03   5.0000000e+00   1.6031250e-01
   1.2800000e-04   3.6000000e-01  -8.0000000e-03   4.9600000e+00   1.6031250e-01
   1.3200000e-04   3.2000000e-01  -6.8000000e-03   5.0000000e+00   1.2031250e-01
   1.3600000e-04   3.2000000e-01  -8.4000000e-03   4.9600000e+00   1.6031250e-01
   1.4000000e-04   3.2000000e-01  -8.4000000e-03   5.0000000e+00   1.2031250e-01
   1.4400000e-04   3.2000000e-01  -8.8000000e-03   5.0000000e+00   1.6031250e-01
   1.4800000e-04   4.0000000e-01  -7.2000000e-03   5.0000000e+00   1.6031250e-01
   1.5200000e-04   3.6000000e-01  -8.8000000e-03   5.0000000e+00   1.2031250e-01
   1.5600000e-04   3.2000000e-01  -7.6000000e-03   5.0000000e+00   1.2031250e-01
   1.6000000e-04   4.0000000e-01  -7.6000000e-03   5.0000000e+00   1.2031250e-01
   1.6400000e-04   3.2000000e-01  -8.0000000e-03   5.0000000e+00   1.6031250e-01
   1.6800000e-04   3.6000000e-01  -8.0000000e-03   5.0000000e+00   1.6031250e-01
   1.7200000e-04   3.2000000e-01  -8.4000000e-03   5.0000000e+00   1.6031250e-01
   1.7600000e-04   3.6000000e-01  -8.4000000e-03   4.9600000e+00   1.2031250e-01
   1.8000000e-04   3.6000000e-01  -8.0000000e-03   4.9600000e+00   2.0031250e-01
   1.8400000e-04   3.6000000e-01  -7.2000000e-03   5.0000000e+00   1.6031250e-01
   1.8800000e-04   4.0000000e-01  -8.0000000e-03   5.0000000e+00   2.0031250e-01
   1.9200000e-04   3.6000000e-01  -8.4000000e-03   5.0400000e+00   1.6031250e-01
   1.9600000e-04   3.6000000e-01  -8.4000000e-03   5.0400000e+00   1.2031250e-01
   2.0000000e-04   3.6000000e-01  -8.0000000e-03   5.0400000e+00   1.6031250e-01
   2.0400000e-04   3.6000000e-01  -8.0000000e-03   5.0000000e+00   1.2031250e-01
   2.0800000e-04   3.2000000e-01  -8.0000000e-03   5.0000000e+00   1.2031250e-01
   2.1200000e-04   3.6000000e-01  -7.6000000e-03   5.0000000e+00   1.6031250e-01
   2.1600000e-04   3.6000000e-01  -8.4000000e-03   4.9600000e+00   1.6031250e-01
   2.2000000e-04   3.2000000e-01  -8.0000000e-03   5.0000000e+00   1.6031250e-01
   2.2400000e-04   3.6000000e-01  -7.6000000e-03   5.0400000e+00   1.6031250e-01
   2.2800000e-04   3.6000000e-01  -8.4000000e-03   5.0000000e+00   1.6031250e-01
   2.3200000e-04   3.6000000e-01  -8.4000000e-03   5.0000000e+00   2.0031250e-01
   2.3600000e-04   3.6000000e-01  -8.0000000e-03   5.0000000e+00   1.6031250e-01
   2.4000000e-04   3.6000000e-01  -8.4000000e-03   4.9600000e+00   1.6031250e-01
   2.4400000e-04   3.6000000e-01  -7.6000000e-03   4.9600000e+00   1.6031250e-01
   2.4800000e-04   4.0000000e-01  -7.6000000e-03   5.0000000e+00   1.2031250e-01
   2.5200000e-04   3.2000000e-01  -8.8000000e-03   4.9600000e+00   1.6031250e-01
   2.5600000e-04   3.6000000e-01  -6.8000000e-03   5.0000000e+00   1.6031250e-01
   2.6000000e-04   3.6000000e-01  -7.6000000e-03   4.9600000e+00   1.6031250e-01
   2.6400000e-04   3.2000000e-01  -8.0000000e-03   5.0000000e+00   2.0031250e-01
   2.6800000e-04   3.2000000e-01  -7.6000000e-03   5.0400000e+00   1.6031250e-01
   2.7200000e-04   3.2000000e-01  -7.6000000e-03   5.0000000e+00   2.0031250e-01
   2.7600000e-04   4.0000000e-01  -8.4000000e-03   5.0000000e+00   1.6031250e-01
   2.8000000e-04   3.6000000e-01  -8.4000000e-03   5.0000000e+00   1.6031250e-01
   2.8400000e-04   4.0000000e-01  -8.0000000e-03   5.0000000e+00   1.6031250e-01
   2.8800000e-04   3.2000000e-01  -8.4000000e-03   5.0400000e+00   1.6031250e-01
   2.9200000e-04   3.2000000e-01  -7.6000000e-03   5.0000000e+00   2.0031250e-01
   2.9600000e-04   3.6000000e-01  -8.0000000e-03   5.0000000e+00   1.6031250e-01
   3.0000000e-04   3.6000000e-01  -7.2000000e-03   5.0000000e+00   1.6031250e-01
   3.0400000e-04   3.6000000e-01  -7.6000000e-03   5.0000000e+00   1.6031250e-01
   3.0800000e-04   3.6000000e-01  -8.0000000e-03   4.9600000e+00   1.6031250e-01
   3.1200000e-04   3.6000000e-01  -8.4000000e-03   5.0000000e+00   1.2031250e-01
   3.1600000e-04   3.6000000e-01  -8.0000000e-03   4.9600000e+00   1.6031250e-01
   3.2000000e-04   3.6000000e-01  -8.4000000e-03   5.0000000e+00   2.0031250e-01
   3.2400000e-04   3.6000000e-01  -8.0000000e-03   5.0000000e+00   1.6031250e-01
   3.2800000e-04   3.2000000e-01  -8.0000000e-03   5.0000000e+00   1.6031250e-01
   3.3200000e-04   3.6000000e-01  -7.6000000e-03   5.0000000e+00   1.6031250e-01
   3.3600000e-04   3.6000000e-01  -8.0000000e-03   5.0800000e+00   1.6031250e-01
   3.4000000e-04   3.2000000e-01  -8.0000000e-03   5.0000000e+00   2.0031250e-01
   3.4400000e-04   3.6000000e-01  -7.6000000e-03   5.0000000e+00   1.6031250e-01
   3.4800000e-04   3.6000000e-01  -8.0000000e-03   5.0800000e+00   2.0031250e-01
   3.5200000e-04   4.0000000e-01  -7.6000000e-03   5.0000000e+00   1.6031250e-01
   3.5600000e-04   3.2000000e-01  -7.6000000e-03   5.0000000e+00   1.6031250e-01
   3.6000000e-04   3.6000000e-01  -8.0000000e-03   5.0000000e+00   1.2031250e-01
   3.6400000e-04   3.6000000e-01  -7.6000000e-03   4.9600000e+00   1.6031250e-01
   3.6800000e-04   4.0000000e-01  -7.6000000e-03   5.0000000e+00   2.0031250e-01
   3.7200000e-04   3.6000000e-01  -7.6000000e-03   5.0400000e+00   1.2031250e-01
   3.7600000e-04   4.0000000e-01  -8.0000000e-03   4.9600000e+00   1.6031250e-01
   3.8000000e-04   3.6000000e-01  -8.0000000e-03   5.0400000e+00   1.6031250e-01
   3.8400000e-04   3.6000000e-01  -8.0000000e-03   5.0000000e+00   2.0031250e-01
   3.8800000e-04   3.2000000e-01  -7.2000000e-03   5.0000000e+00   1.6031250e-01
   3.9200000e-04   3.6000000e-01  -7.6000000e-03   4.9600000e+00   1.6031250e-01
   3.9600000e-04   3.6000000e-01  -7.2000000e-03   5.0400000e+00   2.0031250e-01
   4.0000000e-04   3.6000000e-01  -8.0000000e-03   5.0000000e+00   1.6031250e-01
   4.0400000e-04   3.2000000e-01  -8.0000000e-03   5.0400000e+00   1.6031250e-01
   4.0800000e-04   3.6000000e-01  -7.2000000e-03   5.0000000e+00   1.6031250e-01
   4.1200000e-04   3.6000000e-01  -7.2000000e-03   5.0000000e+00   2.0031250e-01
   4.1600000e-04   4.0000000e-01  -8.4000000e-03   5.0000000e+00   2.0031250e-01
   4.2000000e-04   3.6000000e-01  -8.4000000e-03   5.0000000e+00   1.2031250e-01
   4.2400000e-04   4.0000000e-01  -7.2000000e-03   5.0000000e+00   2.0031250e-01
   4.2800000e-04   3.6000000e-01  -7.6000000e-03   5.0000000e+00   1.6031250e-01
   4.3200000e-04   4.0000000e-01  -8.0000000e-03   5.0000000e+00   2.0031250e-01
   4.3600000e-04   3.6000000e-01  -8.0000000e-03   5.0000000e+00   1.6031250e-01
   4.4000000e-04   3.6000000e-01  -7.2000000e-03   4.9600000e+00   2.0031250e-01
   4.4400000e-04   3.6000000e-01  -7.6000000e-03   5.0000000e+00   2.0031250e-01
   4.4800000e-04   3.6000000e-01  -7.2000000e-03   5.0400000e+00   2.0031250e-01
   4.5200000e-04   3.6000000e-01  -7.2000000e-03   5.1600000e+00   2.0031250e-01
   4.5600000e-04   4.0000000e-01  -7.2000000e-03   4.9600000e+00   2.0031250e-01
   4.6000000e-04   3.2000000e-01  -8.0000000e-03   5.0000000e+00   1.6031250e-01
   4.6400000e-04   3.6000000e-01  -6.8000000e-03   5.0400000e+00   1.6031250e-01
   4.6800000e-04   3.6000000e-01  -7.2000000e-03   5.0400000e+00   2.0031250e-01
   4.7200000e-04   3.6000000e-01  -7.2000000e-03   5.0000000e+00   1.6031250e-01
   4.7600000e-04   3.6000000e-01  -8.0000000e-03   5.0400000e+00   2.0031250e-01
   4.8000000e-04   4.0000000e-01  -7.2000000e-03   5.0000000e+00   1.6031250e-01
   4.8400000e-04   3.6000000e-01  -7.6000000e-03   4.9600000e+00   1.6031250e-01
   4.8800000e-04   3.6000000e-01  -7.6000000e-03   4.9600000e+00   1.6031250e-01
   4.9200000e-04   3.6000000e-01  -7.6000000e-03   4.9600000e+00   1.6031250e-01
   4.9600000e-04   3.6000000e-01  -7.2000000e-03   5.0400000e+00   2.0031250e-01
   5.0000000e-04   3.6000000e-01  -7.2000000e-03   5.0000000e+00   1.6031250e-01
   5.0400000e-04   4.0000000e-01  -6.4000000e-03   5.0000000e+00   2.0031250e-01
   5.0800000e-04   3.6000000e-01  -6.8000000e-03   5.0400000e+00   2.0031250e-01
   5.1200000e-04   3.2000000e-01  -7.2000000e-03   4.9600000e+00   2.0031250e-01
   5.1600000e-04   3.6000000e-01  -6.8000000e-03   5.0000000e+00   1.6031250e-01
   5.2000000e-04   3.6000000e-01  -6.4000000e-03   5.0000000e+00   2.4031250e-01
   5.2400000e-04   3.2000000e-01  -6.4000000e-03   5.0000000e+00   2.0031250e-01
   5.2800000e-04   3.2000000e-01  -6.4000000e-03   5.0800000e+00   2.0031250e-01
   5.3200000e-04   3.2000000e-01  -7.2000000e-03   5.0800000e+00   2.0031250e-01
   5.3600000e-04   3.6000000e-01  -6.8000000e-03   5.0000000e+00   2.0031250e-01
   5.4000000e-04   4.0000000e-01  -7.2000000e-03   5.0000000e+00   1.6031250e-01
   5.4400000e-04   3.6000000e-01  -7.2000000e-03   5.0400000e+00   1.6031250e-01
   5.4800000e-04   3.6000000e-01  -7.2000000e-03   5.0000000e+00   1.6031250e-01
   5.5200000e-04   3.6000000e-01  -7.2000000e-03   5.0000000e+00   1.6031250e-01
   5.5600000e-04   3.6000000e-01  -6.4000000e-03   5.0000000e+00   1.6031250e-01
   5.6000000e-04   4.0000000e-01  -6.8000000e-03   5.0000000e+00   2.0031250e-01
   5.6400000e-04   3.6000000e-01  -6.8000000e-03   5.0000000e+00   1.6031250e-01
   5.6800000e-04   3.6000000e-01  -7.6000000e-03   5.0000000e+00   2.0031250e-01
   5.7200000e-04   3.6000000e-01  -6.8000000e-03   5.0400000e+00   1.6031250e-01
   5.7600000e-04   3.2000000e-01  -6.8000000e-03   5.0000000e+00   2.0031250e-01
   5.8000000e-04   4.0000000e-01  -6.0000000e-03   5.0400000e+00   2.0031250e-01
   5.8400000e-04   3.6000000e-01  -6.4000000e-03   4.9600000e+00   1.6031250e-01
   5.8800000e-04   3.2000000e-01  -6.4000000e-03   5.0000000e+00   1.6031250e-01
   5.9200000e-04   3.6000000e-01  -6.8000000e-03   5.0000000e+00   1.2031250e-01
   5.9600000e-04   3.6000000e-01  -6.4000000e-03   5.0400000e+00   2.0031250e-01
   6.0000000e-04   3.6000000e-01  -6.4000000e-03   5.0000000e+00   1.6031250e-01
   6.0400000e-04   3.6000000e-01  -7.2000000e-03   5.0400000e+00   2.0031250e-01
   6.0800000e-04   4.0000000e-01  -6.4000000e-03   5.0000000e+00   2.0031250e-01
   6.1200000e-04   3.6000000e-01  -6.0000000e-03   4.9200000e+00   2.4031250e-01
   6.1600000e-04   3.6000000e-01  -6.4000000e-03   4.9600000e+00   1.6031250e-01
   6.2000000e-04   3.6000000e-01  -6.0000000e-03   4.9600000e+00   2.0031250e-01
   6.2400000e-04   3.6000000e-01  -6.0000000e-03   5.0000000e+00   2.0031250e-01
   6.2800000e-04   3.2000000e-01  -6.4000000e-03   5.0400000e+00   1.6031250e-01
   6.3200000e-04   4.0000000e-01  -6.0000000e-03   5.0000000e+00   2.0031250e-01
   6.3600000e-04   3.6000000e-01  -6.0000000e-03   5.0000000e+00   1.6031250e-01
   6.4000000e-04   4.0000000e-01  -5.6000000e-03   4.9600000e+00   1.2031250e-01
   6.4400000e-04   3.6000000e-01  -5.6000000e-03   4.9600000e+00   1.6031250e-01
   6.4800000e-04   3.6000000e-01  -6.0000000e-03   5.0000000e+00   1.2031250e-01
   6.5200000e-04   4.0000000e-01  -6.0000000e-03   4.9600000e+00   2.0031250e-01
   6.5600000e-04   3.6000000e-01  -5.6000000e-03   4.6400000e+00   1.2031250e-01
   6.6000000e-04   3.6000000e-01  -5.6000000e-03   5.0400000e+00   1.6031250e-01
   6.6400000e-04   4.0000000e-01  -6.0000000e-03   5.0400000e+00   1.6031250e-01
   6.6800000e-04   4.0000000e-01  -6.4000000e-03   5.0400000e+00   1.6031250e-01
   6.7200000e-04   3.6000000e-01  -5.6000000e-03   5.0000000e+00   2.0031250e-01
   6.7600000e-04   3.6000000e-01  -5.6000000e-03   5.0000000e+00   1.6031250e-01
   6.8000000e-04   3.6000000e-01  -6.0000000e-03   5.0400000e+00   2.0031250e-01
   6.8400000e-04   3.2000000e-01  -6.0000000e-03   5.0000000e+00   1.6031250e-01
   6.8800000e-04   3.6000000e-01  -6.0000000e-03   5.0000000e+00   1.6031250e-01
   6.9200000e-04   3.6000000e-01  -5.6000000e-03   5.0400000e+00   1.6031250e-01
   6.9600000e-04   3.6000000e-01  -6.0000000e-03   4.9200000e+00   2.0031250e-01
   7.0000000e-04   3.6000000e-01  -5.6000000e-03   5.0000000e+00   1.6031250e-01
   7.0400000e-04   3.6000000e-01  -6.0000000e-03   5.0000000e+00   1.6031250e-01
   7.0800000e-04   3.6000000e-01  -5.2000000e-03   5.0000000e+00   2.0031250e-01
   7.1200000e-04   3.6000000e-01  -5.6000000e-03   5.0000000e+00   1.2031250e-01
   7.1600000e-04   3.6000000e-01  -5.6000000e-03   4.9600000e+00   1.6031250e-01
   7.2000000e-04   3.2000000e-01  -5.6000000e-03   4.9600000e+00   1.6031250e-01
   7.2400000e-04   3.2000000e-01  -5.6000000e-03   5.0800000e+00   2.0031250e-01
   7.2800000e-04   3.2000000e-01  -6.0000000e-03   5.0400000e+00   2.0031250e-01
   7.3200000e-04   4.0000000e-01  -6.4000000e-03   4.9600000e+00   1.6031250e-01
   7.3600000e-04   3.6000000e-01  -5.6000000e-03   4.9600000e+00   1.6031250e-01
   7.4000000e-04   3.6000000e-01  -5.6000000e-03   5.0000000e+00   1.6031250e-01
   7.4400000e-04   3.2000000e-01  -4.8000000e-03   5.0000000e+00   1.2031250e-01
   7.4800000e-04   3.2000000e-01  -4.8000000e-03   5.0400000e+00   1.6031250e-01
   7.5200000e-04   3.6000000e-01  -5.2000000e-03   5.0000000e+00   1.2031250e-01
   7.5600000e-04   3.2000000e-01  -5.6000000e-03   4.9600000e+00   2.0031250e-01
   7.6000000e-04   3.2000000e-01  -5.2000000e-03   5.0000000e+00   1.2031250e-01
   7.6400000e-04   3.2000000e-01  -5.2000000e-03   4.9600000e+00   1.6031250e-01
   7.6800000e-04   3.6000000e-01  -4.8000000e-03   4.9600000e+00   1.6031250e-01
   7.7200000e-04   3.2000000e-01  -5.6000000e-03   5.0400000e+00   1.2031250e-01
   7.7600000e-04   3.2000000e-01  -6.0000000e-03   5.0400000e+00   2.0031250e-01
   7.8000000e-04   3.2000000e-01  -4.4000000e-03   4.9600000e+00   1.6031250e-01
   7.8400000e-04   3.2000000e-01  -6.0000000e-03   5.0400000e+00   1.6031250e-01
   7.8800000e-04   3.6000000e-01  -5.6000000e-03   5.0000000e+00   2.0031250e-01
   7.9200000e-04   3.2000000e-01  -4.8000000e-03   5.0400000e+00   1.2031250e-01
   7.9600000e-04   3.2000000e-01  -5.2000000e-03   5.0000000e+00   2.0031250e-01
   8.0000000e-04   4.0000000e-01  -5.2000000e-03   5.0400000e+00   1.6031250e-01
   8.0400000e-04   3.2000000e-01  -4.8000000e-03   5.0000000e+00   1.6031250e-01
   8.0800000e-04   3.2000000e-01  -4.4000000e-03   5.0000000e+00   1.6031250e-01
   8.1200000e-04   3.6000000e-01  -5.6000000e-03   5.0000000e+00   1.6031250e-01
   8.1600000e-04   3.2000000e-01  -5.6000000e-03   5.0000000e+00   2.0031250e-01
   8.2000000e-04   3.2000000e-01  -5.2000000e-03   4.9600000e+00   1.2031250e-01
   8.2400000e-04   3.2000000e-01  -4.8000000e-03   4.9600000e+00   1.6031250e-01
   8.2800000e-04   3.2000000e-01  -5.6000000e-03   4.9600000e+00   1.6031250e-01
   8.3200000e-04   3.2000000e-01  -4.8000000e-03   5.0400000e+00   1.6031250e-01
   8.3600000e-04   4.0000000e-01  -5.2000000e-03   5.0000000e+00   8.0312500e-02
   8.4000000e-04   3.6000000e-01  -5.2000000e-03   5.0000000e+00   1.6031250e-01
   8.4400000e-04   3.2000000e-01  -4.8000000e-03   5.0000000e+00   1.2031250e-01
   8.4800000e-04   3.2000000e-01  -4.8000000e-03   5.0000000e+00   1.2031250e-01
   8.5200000e-04   3.6000000e-01  -5.2000000e-03   5.0000000e+00   1.6031250e-01
   8.5600000e-04   3.6000000e-01  -5.6000000e-03   4.9600000e+00   1.6031250e-01
   8.6000000e-04   3.2000000e-01  -4.0000000e-03   5.2400000e+00   1.2031250e-01
   8.6400000e-04   3.6000000e-01  -5.2000000e-03   5.0000000e+00   1.6031250e-01
   8.6800000e-04   3.6000000e-01  -4.8000000e-03   5.0400000e+00   1.6031250e-01
   8.7200000e-04   3.6000000e-01  -5.6000000e-03   4.9600000e+00   1.6031250e-01
   8.7600000e-04   3.6000000e-01  -4.8000000e-03   5.0000000e+00   1.6031250e-01
   8.8000000e-04   3.2000000e-01  -4.8000000e-03   5.0000000e+00   1.6031250e-01
   8.8400000e-04   3.2000000e-01  -4.8000000e-03   5.0000000e+00   1.2031250e-01
   8.8800000e-04   3.2000000e-01  -4.8000000e-03   5.0000000e+00   1.6031250e-01
   8.9200000e-04   3.6000000e-01  -4.0000000e-03   5.0000000e+00   1.2031250e-01
   8.9600000e-04   3.2000000e-01  -4.4000000e-03   4.9600000e+00   1.6031250e-01
   9.0000000e-04   3.2000000e-01  -5.6000000e-03   5.0000000e+00   1.6031250e-01
   9.0400000e-04   3.2000000e-01  -4.4000000e-03   5.0400000e+00   1.2031250e-01
   9.0800000e-04   3.6000000e-01  -4.8000000e-03   5.0000000e+00   1.2031250e-01
   9.1200000e-04   3.6000000e-01  -4.8000000e-03   5.0000000e+00   8.0312500e-02
   9.1600000e-04   3.6000000e-01  -4.8000000e-03   5.0000000e+00   1.6031250e-01
   9.2000000e-04   2.8000000e-01  -4.4000000e-03   5.0000000e+00   1.2031250e-01
   9.2400000e-04   3.2000000e-01  -6.0000000e-03   5.0400000e+00   1.6031250e-01
   9.2800000e-04   3.6000000e-01  -4.4000000e-03   5.0000000e+00   1.2031250e-01
   9.3200000e-04   3.6000000e-01  -4.8000000e-03   4.9600000e+00   1.2031250e-01
   9.3600000e-04   3.2000000e-01  -4.4000000e-03   5.0000000e+00   1.6031250e-01
   9.4000000e-04   3.6000000e-01  -4.8000000e-03   5.1200000e+00   1.2031250e-01
   9.4400000e-04   3.6000000e-01  -4.4000000e-03   5.0400000e+00   1.2031250e-01
   9.4800000e-04   2.8000000e-01  -4.4000000e-03   4.9600000e+00   1.2031250e-01
   9.5200000e-04   3.6000000e-01  -5.2000000e-03   4.9600000e+00   1.2031250e-01
   9.5600000e-04   3.6000000e-01  -4.4000000e-03   4.9600000e+00   1.6031250e-01
   9.6000000e-04   3.6000000e-01  -4.8000000e-03   5.0000000e+00   1.6031250e-01
   9.6400000e-04   3.2000000e-01  -3.6000000e-03   5.0000000e+00   1.2031250e-01
   9.6800000e-04   3.2000000e-01  -4.4000000e-03   5.0000000e+00   1.6031250e-01
   9.7200000e-04   3.6000000e-01  -4.4000000e-03   5.0400000e+00   1.6031250e-01
   9.7600000e-04   3.6000000e-01  -4.8000000e-03   0.0000000e+00   1.2031250e-01
   9.8000000e-04   3.6000000e-01  -4.8000000e-03   4.0000000e-02   1.2031250e-01
   9.8400000e-04   3.2000000e-01  -4.8000000e-03   8.0000000e-02   8.0312500e-02
   9.8800000e-04   3.2000000e-01  -4.0000000e-03   4.0000000e-02   1.2031250e-01
   9.9200000e-04   3.2000000e-01  -4.4000000e-03   8.0000000e-02   1.2031250e-01
   9.9600000e-04   3.2000000e-01  -5.2000000e-03   4.0000000e-02   1.2031250e-01
   1.0000000e-03   2.8000000e-01  -4.8000000e-03   0.0000000e+00   8.0312500e-02
